 1.00000000e+00  4.99272713e-01 -2.69584488e-02 
 1.25892541e+00  4.98847443e-01 -3.39297496e-02 
 1.58489319e+00  4.98173612e-01 -4.26972143e-02 
 1.99526231e+00  4.97106100e-01 -5.37170777e-02 
 2.51188643e+00  4.95415312e-01 -6.75549161e-02 
 3.16227766e+00  4.92738369e-01 -8.49052252e-02 
 3.98107171e+00  4.88502668e-01 -1.06607408e-01 
 5.01187234e+00  4.81807038e-01 -1.33648686e-01 
 6.30957344e+00  4.71239148e-01 -1.67133643e-01 
 7.94328235e+00  4.54600609e-01 -2.08178446e-01 
 1.00000000e+01  4.28507706e-01 -2.57645297e-01 
 1.25892541e+01  3.87850000e-01 -3.15550667e-01 
 1.58489319e+01  3.25161775e-01 -3.79827663e-01 
 1.99526231e+01  2.30201715e-01 -4.43848865e-01 
 2.51188643e+01  9.07390367e-02 -4.91651012e-01 
 3.16227766e+01 -1.02341733e-01 -4.88976484e-01 
 3.98107171e+01 -3.33563591e-01 -3.66902946e-01 
 5.01187234e+01 -4.62376711e-01 -2.47026591e-02 
 6.30957344e+01 -1.56800661e-01  2.63715373e-01 
 7.94328235e+01  5.02887581e-02  1.08247800e-01 
 1.00000000e+02  3.43286868e-02  1.79764401e-02 
 1.25892541e+02  1.22830906e-02  2.70468728e-04 
 1.58489319e+02  3.68629334e-03 -1.22934138e-03 
 1.99526231e+02  1.02359672e-03 -6.79787237e-04 
 2.51188643e+02  2.72844828e-04 -2.76634739e-04 
 3.16227766e+02  7.10541765e-05 -1.00236500e-04 
 3.98107171e+02  1.82497696e-05 -3.42998756e-05 
 5.01187234e+02  4.64806955e-06 -1.13729725e-05 
 6.30957344e+02  1.17770113e-06 -3.70238264e-06 
 7.94328235e+02  2.97437804e-07 -1.19204619e-06 
 1.00000000e+03  7.49688457e-08 -3.81212335e-07 
